1000, 1000, 1000,
1000, 1000, 1000, 
1000, 1000, 1000, 
1000, 1000, 1000, 
1000, 1000, 1000, 
1000, 1000, 1000, 
1000, 1000, 1000, 
1000, 1000, 1000, 
1000, 1000, 1000, 
1000, 1000, 1000, 
1000, 1000, 1000, 
1000, 1000, 1000, 
1000, 1000, 1000, 
1000, 1000, 1000, 
1000, 1000, 1000, 
1000, 1000, 1000, 
1000, 1000, 1000, 
1000, 1000, 1000, 
1000, 1000, 1000, 
1000, 1000, 1000, 
500, 500, 500, 
1000, 1000, 1000, 1000, 1000, 1000, 1000, 1000, 1000, 1000, 
1000, 1000, 1000, 
100, 100, 100, 
1000, 1000, 1000, 
1000, 1000, 1000, 
100, 100, 100, 
1000, 1000, 1000, 
930, 830, 980, 
480, 510, 390, 
440, 420, 540, 
520, 620, 570, 
580, 640, 540, 
540, 530, 620, 
0, 0, 0, 
0, 0, 0, 
390, 490, 470, 
1000, 1000, 1000, 
1000, 1000, 1000, 
1000, 1000, 1000, 
980, 970, 880, 
970, 890, 930, 
900, 870, 880, 
890, 910, 890, 
890, 1000, 1000, 
1000, 1000, 1000, 
100, 100, 100, 
100, 100, 100, 
10, 10, 10, 
100, 100, 100, 
100, 100, 100, 
100, 100, 100, 
100, 100, 100, 
100, 100, 100, 
20, 20, 20, 
20, 20, 20, 
20, 20, 20, 
20, 20, 20, 
20, 20, 20, 
20, 20, 20, 
20, 20, 20, 
20, 20, 20, 
20, 20, 20, 
20, 20, 20, 
20, 20, 20, 
20, 20, 20, 
20, 20, 20, 
20, 20, 20, 
20, 20, 20, 
20, 20, 20, 
20, 20, 20, 
20, 20, 20, 
20, 20, 20, 
20, 20, 20, 
20, 20, 20, 
20, 20, 20, 
20, 20, 20, 
20.0, 20.0, 20.0, 
20.0, 20.0, 20.0, 
20.0, 20.0, 20.0, 
20.0, 15.0, 5.0, 
20.0, 20.0, 20.0, 
20.0, 20.0, 20.0, 
20.0, 20.0, 20.0, 
20.0, 20.0, 20.0, 
20.0, 20.0, 20.0, 
20.0, 20.0, 20.0, 
20, 20, 20, 
20, 20, 20, 
20, 20, 20, 
20, 20, 20, 
20, 20, 20, 
20.0, 20.0, 20.0, 
20.0, 20.0, 20.0, 
20, 20, 20, 20, 20, 20, 20, 20, 20, 20, 20, 20, 20, 20, 20, 20, 20, 20, 20, 20, 
20, 20, 20, 20, 20, 20, 20, 20, 20, 20, 20, 20, 20, 20, 20, 20, 20, 20, 20, 20, 20, 20, 20, 20, 20, 20, 20, 20, 20, 20, 20, 20, 20, 20, 20, 20, 20, 20, 20, 20, 20, 20, 20, 20, 20, 20, 20, 20, 20, 20, 
20.0, 1.3107097943235928, 20.0, 5.655399411916733, 15.311307984807103, 7.242273315684777, 13.088668578917442, 13.339662026219592, 20.0, 19.06914513948341, 10.0, 5.473307686806031, 5.0, 5.9714758595513135, 14.06889362004845, 20.0, 16.152124592338488, 8.391714468832483, 5.473307686806031, 1.6550942993104911, 14.310883199747618, 20.0, 4.232937486600829, 11.339662026219592, 6.410458741305373, 20.0, 14.310883199747618, 10.492907515238318, 5.148418761230452, 15.0, 13.171596679407813, 20.0, 5.801792767603541, 8.689201176166534, 11.339662026219592, 6.410458741305373, 20.0, 11.160096438730449, 6.4001875013853, 20.0, 5.655399411916733, 5.801792767603541, 15.0, 5.148418761230452, 8.391714468832483, 1.3107097943235928, 10.014621885341292, 14.06889362004845, 13.171596679407813, 10.014621885341292, 
7.945404159572889, 7.808788983718308, 20, 10.0, 20, 10.0, 12.345583191457784, 5.1296498500121, 6.679609526051927, 8.679609526051927, 10.0, 17.02388495550182, 20, 12.858186888902972, 20, 20, 20, 1.25, 20, 5.486407743817633, 20, 5.42013829683699, 20, 15.42013829683699, 10.0, 17.38417032426343, 10.0, 6.536805906402023, 9.229506324484662, 7.38417032426343, 15.330986662118434, 13.53515625, 10.0, 8.679609526051927, 17.65767452331739, 5.486407743817633, 7.808788983718308, 12.130091416680152, 20.0, 17.394287096278337, 9.229506324484662, 11.943739579484813, 20, 20, 15.330986662118434, 12.858186888902972, 6.032524044852121, 10.0, 20, 10.0, 
20, 20, 20, 20, 
20, 20, 20, 20, 
20, 20, 20, 20, 
20.0, 20.0, 20, 20, 
10.0, 10.0, 20, 20, 
10.0, 20, 10.0, 20, 
20, 20, 20, 20, 
20, 20, 20, 20, 20, 20, 20.0, 20, 20, 20.0, 
20, 20, 20, 20, 20, 
20, 20, 20, 20, 20, 
20, 20, 20, 20, 20, 
5.0, 20, 20, 15.0, 20, 
20, 20, 20, 20, 20, 
20, 20, 20, 20, 20, 
20, 20, 20, 20, 20, 
20, 20, 20, 20, 20, 
20, 20, 20, 20, 20, 
20, 20, 20, 20, 20, 
20, 20, 20, 20, 20, 
20, 20, 20, 20, 20, 
15.0, 10.0, 10.0, 5.0, 20, 
20, 20, 20, 20, 20, 20, 
20, 20, 20, 20, 20, 20, 
20, 20, 20, 10.0, 10.0, 20, 
20, 20, 20, 20, 20, 20, 20, 20, 
10.0, 10.0, 20, 20, 20, 20, 20, 20, 
20, 20, 5.0, 15.0, 20, 20, 20, 20, 
20, 10.0, 20, 20, 20, 20, 20, 20, 20, 10.0, 
20, 20, 10.0, 10.0, 20, 20, 20, 20, 20, 20, 
7.5, 5.0, 15.0, 10, 10, 15.0, 10, 10, 17.5, 20, 
20, 10, 20, 10, 10, 10, 10, 20, 10, 20, 
20, 10, 5.0, 20, 20, 20, 10, 20, 20, 15.0, 
20, 20, 10, 20, 10, 20, 20, 20, 20, 20, 
10, 20, 20, 10, 20, 10, 10, 20, 10, 10, 
20, 20, 20, 15.0, 20, 15.0, 10, 10.0, 20.0, 10, 
9.303090731122662, 10, 10, 15.0, 5.348454634438669, 10, 5.348454634438669, 20, 20, 15.0, 
20, 20, 10, 20, 20, 20, 20, 10, 10, 10, 
10, 20, 20, 10.0, 20, 10, 10.0, 20.0, 20, 20.0, 
20, 20.0, 10.0, 20.0, 20, 5.0, 20, 10, 5.0, 10.0, 
10, 10, 10, 20, 20, 20, 10, 20, 10, 10, 
10, 15.0, 20, 20, 20, 20, 15.0, 20, 20, 20, 
20, 10, 20, 10, 20, 10, 10, 20, 20, 20, 
20, 5.0, 20, 20, 20, 15.0, 10, 10, 10, 10, 
0, 0, 0, 0, 0, 0, 0, 0, 0, 0, 
0, 0, 0, 0, 0, 0, 0, 0, 0, 0, 
0, 0, 0, 0, 0, 0, 0, 0, 0, 0, 
0, 0, 0, 0, 0, 0, 0, 0, 0, 0, 
0, 0, 0, 0, 0, 0, 0, 0, 0, 0, 
0, 0, 0, 0, 0, 0, 0, 0, 0, 0, 
0, 0, 0, 0, 0, 0, 0, 0, 0, 0, 
0, 0, 0, 0, 0, 0, 0, 0, 0, 0, 
0, 0, 0, 0, 0, 0, 0, 0, 0, 0, 
0, 0, 0, 0, 0, 0, 0, 0, 0, 0, 
0, 0, 0, 0, 0, 0, 0, 0, 0, 0, 
0, 0, 0, 0, 0, 0, 0, 0, 0, 0, 
0, 0, 0, 0, 0, 0, 0, 0, 0, 0, 
0, 0, 0, 0, 0, 0, 0, 0, 0, 0, 
0, 0, 0, 0, 0, 0, 0, 0, 0, 0, 
0, 0, 0, 0, 0, 0, 0, 0, 0, 0, 
20, 5.0, 20, 10, 10, 10, 10, 20, 10, 5.0, 
20, 20, 10, 15.0, 20, 15.0, 15.0, 15.0, 10.0, 20, 
20, 20, 10, 10, 20, 7.803827906770444, 11.104241322629896, 10.545965385299821, 10.545965385299821, 20, 
10, 20, 20, 10, 20, 20, 20, 10, 10, 20, 
10, 10, 20, 10, 20, 20, 20, 20, 20, 10, 
15.0, 20, 20, 10, 20, 20, 20, 10, 10, 15.0, 
10.0, 20, 10.0, 20, 20, 10, 15.0, 10, 20, 5.0, 
10, 20, 20.0, 10, 20, 20, 6.702229699549207, 6.702229699549207, 16.595540600901586, 10.0, 
10, 10, 10, 10.0, 20, 20, 20, 10, 20, 10.0, 
20, 10, 20, 20, 20, 20, 20, 20, 20, 10, 
10, 20, 10, 20, 20, 20, 20, 10, 10, 20, 
20, 20, 10, 20, 10.0, 10.0, 10, 20, 20, 20, 
10, 20, 20.0, 20.0, 10, 10, 20, 20, 10, 20, 
10.0, 20, 10, 20, 20, 10, 20, 10, 10, 10.0, 
10, 10, 20, 10, 10, 10, 10, 10, 20, 10, 
10, 10, 10.0, 20.0, 10, 20, 20.0, 10.0, 20, 10, 
20, 20, 10, 10, 10.0, 10, 10, 20, 20, 10.0, 
10.0, 20, 20, 10, 20, 10.0, 10, 20, 10, 10, 
10, 10, 10, 20.0, 10.0, 20, 10, 20.0, 10.0, 20, 
20, 15.0, 20, 10, 11.5234375, 20, 10, 11.5234375, 6.953125, 15.0, 
10.0, 20, 10, 10.0, 20, 10, 10.0, 10.0, 10, 10, 
20, 20, 10, 10, 15.0, 20, 10, 12.5, 20, 2.5, 
10, 10, 10, 20, 20, 10, 20, 10, 20, 10, 
10, 20, 5.0, 10, 15.0, 20, 20, 10, 20, 10, 
20, 15.0, 20, 20, 15.0, 13.131633282680784, 10, 3.736733434638431, 10, 13.131633282680784, 
20, 20, 15.0, 10, 20, 20, 10, 20, 10, 15.0, 
10, 20, 20, 10, 10.0, 10, 20, 10, 20, 10.0, 
10, 20, 10, 10, 10.0, 10, 10, 10.0, 10, 20, 
10.0, 10, 20, 20, 10, 20, 20, 20, 10.0, 20, 
20, 10, 20, 20, 15.0, 10, 10, 20, 20, 15.0, 
16.25, 17.5, 20, 10, 10, 20, 6.25, 20, 20, 20, 
20, 10, 10, 10, 20, 20, 10, 20, 20, 20, 
20, 10, 4.646260876771625, 10.707478246456777, 4.646260876771625, 10, 20, 10, 20, 10, 
20, 10, 10, 10, 5.0, 20, 15.0, 10, 10, 10, 
20, 13.902019948665654, 11.93250772590855, 11.93250772590855, 20, 9.666807379784377, 20, 12.566157219732883, 20, 20, 
20, 10, 20, 10, 20, 10, 15.0, 10, 15.0, 10, 
15.0, 5.0, 15.0, 15.0, 10, 10, 10, 20, 10, 10, 
10, 10, 15.0, 10, 10, 20, 15.0, 20, 20, 10, 
10, 20, 10, 20, 10, 10, 10, 10, 10, 10, 
15.0, 10, 20, 10, 5.0, 20, 10, 10, 10, 10, 
10, 20, 10, 20, 10, 10, 10, 20, 15.0, 15.0, 
20, 10, 20, 10, 20, 10, 10, 10, 10, 20, 
20, 20, 10.0, 10, 20, 10, 20, 20, 20, 10.0, 
20, 15.0, 20, 5.0, 10, 10, 10, 20, 10, 20, 
10, 10, 20.0, 10, 10, 10, 10, 20, 20, 20.0, 
20, 20, 20, 20.0, 10.0, 10, 20, 10, 10, 20, 
20, 5.0, 17.734375, 20, 5.0, 10, 11.1328125, 20, 20, 11.1328125, 
10, 10, 20, 20, 10, 10, 10, 10, 10, 10, 
10.0, 5.0, 6.317455500684446, 12.365088998631109, 20, 6.317455500684446, 10.0, 10, 20, 20, 
16.9384765625, 11.53076171875, 10.0, 11.53076171875, 20, 20, 20.0, 20, 20, 10, 
10, 20, 10.0, 10.0, 20.0, 10, 10, 20, 10, 20, 
10, 20, 20, 10, 10, 10, 10, 10, 20, 20, 
20, 10.0, 20, 10, 20.0, 20, 10, 10, 10.0, 10.0, 
20, 20, 20, 10, 20, 10, 20, 10, 20, 10, 
10, 20, 20.0, 10, 10, 10, 10.0, 10.0, 10.0, 10, 
20, 10, 20, 20, 10, 10.0, 10.0, 20, 20, 20, 
10, 10.0, 10, 14.384765625, 20, 10, 7.8076171875, 20.0, 17.8076171875, 20, 
20.0, 20, 20, 10, 10, 15.0, 20, 20.0, 5.0, 20, 
10, 10, 20, 5.0, 10, 20, 10, 10, 15.0, 10, 
10.0, 20, 20, 10, 10, 20, 20, 20.0, 10, 20, 
10, 20.0, 20, 10, 10, 10.0, 20, 20, 10, 10, 
9.925111803619311, 10.507869819475722, 20, 9.783509188452484, 9.783509188452484, 10, 20, 15.0, 15.0, 20, 
20, 20, 10.0, 15.0, 10, 10, 20, 15.0, 10.0, 10, 
15.0, 20, 10.0, 20.0, 15.0, 10, 20, 20, 20, 10, 
10, 10, 10, 20, 10, 10, 10, 20, 20, 20, 
10, 10, 10, 10, 10, 10, 20.0, 10, 10, 20.0, 
10, 20.0, 20, 10.0, 10, 20, 20, 10, 10, 10, 
15.0, 20, 10, 15.0, 10, 10, 20, 20, 20, 20, 
10, 20, 10, 20.0, 20, 10, 20, 20.0, 20, 10, 
10, 20, 20, 10, 20, 10, 10, 20, 20, 20, 
10.0, 10, 20.0, 10.0, 20, 20.0, 15.0, 20, 15.0, 20, 
3.28125, 18.359375, 10, 10, 15.0, 20, 20, 18.359375, 15.0, 10, 
10.0, 10, 15.0, 20, 10, 20.0, 20.0, 15.0, 20, 20, 
10.0, 12.55150554309656, 20, 14.896988913806887, 10, 20, 20, 10.0, 12.55150554309656, 10, 
9.986584779543007, 10, 10, 20, 20, 20, 9.986584779543007, 10.02683044091398, 20, 10, 
20, 20, 20, 20, 10, 20, 20, 20, 20, 10, 
15.0, 15.0, 20, 20, 20, 10, 10, 20, 10, 20, 
10, 20, 10, 10.0, 20, 10.0, 20, 10, 10, 20, 
20, 5.0, 20, 20, 10, 20, 10, 10, 15.0, 10, 
20, 10, 10, 20, 20, 15.0, 20, 10, 15.0, 20, 
15.0, 20, 11.464504270667643, 20, 14.267747864666177, 20, 20, 14.267747864666177, 10, 15.0, 
12.5, 20, 20, 10.0, 12.5, 2.5, 20, 12.5, 20.0, 10, 
10, 20, 10.0, 20, 10.53298203391023, 10.53298203391023, 20, 10, 18.93403593217954, 10.0, 
10.0, 5.0, 10.0, 20, 20, 5.0, 20, 10.0, 20.0, 20, 
10, 10, 10, 20, 15.0, 20, 20, 15.0, 15.0, 5.0, 
20, 15.0, 20, 20, 10, 20, 15.0, 20, 10, 10, 
10, 20, 20, 20, 20, 10, 20, 20, 20, 20, 
10, 10.0, 5.0, 20, 5.0, 10.0, 20, 10, 20, 10, 
20, 20, 5.0, 20, 15.0, 10, 10, 20, 20, 20, 
5.0, 10, 20, 15.0, 10, 20, 10, 10, 20, 20, 
20, 20, 20, 10, 5.0, 5.0, 20.0, 20, 10.0, 10, 
15.0, 20, 20, 5.0, 5.0, 15.0, 10, 10, 10, 10, 
12.5, 10, 20, 10, 20, 15.0, 10, 10, 10, 2.5, 
10, 5.0, 10, 20, 15.0, 20, 10, 10, 20, 20, 
10, 15.0, 20, 10, 5.0, 20, 20, 10, 20, 10, 
10, 1.7671012878417969, 1.7671012878417969, 10, 6.465797424316406, 10, 10, 20, 20, 10, 
15.0, 20, 20, 10, 10, 20, 20, 20, 12.5, 12.5, 
16.110466912505217, 20, 15.0, 7.779066174989566, 6.110466912505217, 10, 15.0, 20, 20, 10, 
15.0, 20, 20, 10, 20, 10, 15.0, 20, 15.0, 15.0, 
20, 5.0, 10, 20, 15.0, 15.0, 20, 20, 20, 15.0, 
10, 20, 10, 10, 20, 10, 5.0, 10, 20, 5.0, 
20, 20, 20, 20, 15.0, 5.0, 5.0, 20, 15.0, 20, 
7.665270471300075, 20, 7.665270471300075, 20, 10, 20, 20, 20, 4.669459057399818, 10, 
10, 10, 5.0, 20.0, 10, 10, 10, 15.0, 20.0, 10, 
10.0, 10, 10, 10, 20, 15.0, 5.0, 10, 10.0, 20, 
20, 20, 10, 10, 5.0, 10, 20, 10, 15.0, 20, 
5.0, 20, 15.0, 20, 20, 10, 15.0, 20, 15.0, 20, 
10, 20, 10, 20, 20, 20, 15.0, 15.0, 20, 10, 
20, 20, 20, 10, 10, 20, 20, 10, 20, 10, 
10, 20, 20, 20, 20, 20, 20, 10, 20, 20, 
10.0, 10, 20, 10, 10.0, 20, 10, 20, 10, 20, 
10, 10, 20, 20, 20, 10.0, 20.0, 10, 10, 10, 
5.0, 20.0, 20, 5.0, 5.0, 5.0, 20.0, 20, 10, 10, 
5.0, 20, 5.0, 10, 10, 10, 5.0, 20, 15.0, 20, 
10, 11.5625, 16.875, 1.5625, 20, 20, 10.0, 20, 20.0, 10, 
20.0, 15.0, 10.0, 10, 20, 10.0, 11.389441788196564, 14.305279105901718, 14.305279105901718, 15.0, 
15.0, 15.0, 10, 20, 10, 20, 20, 20, 20, 10, 
10, 20, 20.0, 10, 20, 20, 20.0, 20, 20, 20, 
